# NSB PALACE v1.0 continuum runtime product
# Derived only from palace_cont.fits and palace_var.fits; lines are excluded.
# source_release = PALACE v1.0 (2024-10)
# source_record = https://zenodo.org/records/14064023
# source_archive_sha256 = a42577ffee8f76d9ac3765a9a2811d766c30158cf74c0a364ebf7a726dd9a0dc
# source_inputs = PALACE/src/palace/data/palace_cont.fits; PALACE/src/palace/data/palace_var.fits
# scientific_role = unresolved continuum templates plus month/local-time/F10.7 climatology and residual variability; PALACE line list excluded
# units = wavelength nm; source continuum radiance R nm^-1; dimensionless climatology factors
# runtime_band_nm = 300-650
schema nsb-airglow-palace-continuum-v1
wavelength_unit nm
radiance_unit R_per_nm
reference_solar_flux_sfu 100
solar_flux_evidence_range_sfu 67 166
wavelength_range_nm 300 650
wavelength_step_nm 1
component_count 3
climatology_rows 144
component HO2 HO2 81.0
component FeO FeO 88.0
component O2 O2Ac 94.0
spectra_begin
300 2.1607424e-1 4.0541193e-1 3.6983371e0
301 2.1606740e-1 4.0600902e-1 3.6611936e0
302 2.1602857e-1 4.0663254e-1 3.6238797e0
303 2.1595840e-1 4.0728250e-1 3.5864398e0
304 2.1585763e-1 4.0795895e-1 3.5489235e0
305 2.1572687e-1 4.0866187e-1 3.5113754e0
306 2.1556698e-1 4.0939125e-1 3.4738426e0
307 2.1537852e-1 4.1014707e-1 3.4363704e0
308 2.1516231e-1 4.1092938e-1 3.3990073e0
309 2.1491894e-1 4.1173807e-1 3.3617990e0
310 2.1464917e-1 4.1257331e-1 3.3247905e0
311 2.1435376e-1 4.1343495e-1 3.2880304e0
312 2.1403334e-1 4.1432318e-1 3.2515635e0
313 2.1368864e-1 4.1523784e-1 3.2154377e0
314 2.1332036e-1 4.1617894e-1 3.1796982e0
315 2.1292923e-1 4.1714650e-1 3.1443930e0
316 2.1251589e-1 4.1814059e-1 3.1095667e0
317 2.1208116e-1 4.1916108e-1 3.0752680e0
318 2.1162565e-1 4.2020813e-1 3.0415418e0
319 2.1115007e-1 4.2128167e-1 3.0084341e0
320 2.1065520e-1 4.2238164e-1 2.9759929e0
321 2.1014163e-1 4.2350808e-1 4.6955490e0
322 2.0961016e-1 4.2466104e-1 4.9810162e0
323 2.0906143e-1 4.2584053e-1 4.1357660e0
324 2.0849620e-1 4.2704642e-1 3.4147806e0
325 2.0791516e-1 4.2827886e-1 2.8112452e0
326 2.0731899e-1 4.2953780e-1 3.2622252e0
327 2.0670842e-1 4.3082318e-1 3.1831551e0
328 2.0608416e-1 4.3213513e-1 2.7370901e0
329 2.0544690e-1 4.3347356e-1 4.0576253e0
330 2.0479730e-1 4.3483850e-1 4.3156505e0
331 2.0413618e-1 4.3622988e-1 4.0522318e0
332 2.0346415e-1 4.3764785e-1 4.3844123e0
333 2.0278193e-1 4.3909228e-1 3.4167376e0
334 2.0209026e-1 4.4056317e-1 2.4563174e0
335 2.0138979e-1 4.4206065e-1 2.0720124e0
336 2.0068130e-1 4.4358456e-1 2.5252912e0
337 1.9996543e-1 4.4513512e-1 3.7331860e0
338 1.9924290e-1 4.4671208e-1 3.7340226e0
339 1.9851446e-1 4.4831553e-1 2.9043610e0
340 1.9778074e-1 4.4994563e-1 2.3328719e0
341 1.9704250e-1 4.5160216e-1 2.1097093e0
342 1.9630045e-1 4.5328522e-1 2.4729941e0
343 1.9555527e-1 4.5499471e-1 2.6985993e0
344 1.9480760e-1 4.5673087e-1 2.7904499e0
345 1.9405828e-1 4.5849350e-1 3.1472535e0
346 1.9330798e-1 4.6028262e-1 3.1363769e0
347 1.9255731e-1 4.6209836e-1 2.7956557e0
348 1.9180703e-1 4.6394056e-1 2.9654846e0
349 1.9105792e-1 4.6580932e-1 3.0139365e0
350 1.9031061e-1 4.6770459e-1 2.4628196e0
351 1.8956573e-1 4.6962640e-1 2.2646680e0
352 1.8882364e-1 4.7157475e-1 2.0980189e0
353 1.8808408e-1 4.7354966e-1 1.7853022e0
354 1.8734673e-1 4.7555113e-1 3.0969193e0
355 1.8661137e-1 4.7757912e-1 4.1709557e0
356 1.8587780e-1 4.7963363e-1 2.9617581e0
357 1.8514571e-1 4.8171467e-1 2.0261021e0
358 1.8441486e-1 4.8382229e-1 1.6618445e0
359 1.8368506e-1 4.8595643e-1 1.4468958e0
360 1.8295595e-1 4.8811719e-1 1.4501355e0
361 1.8222739e-1 4.9030447e-1 1.4144397e0
362 1.8149906e-1 4.9251828e-1 1.8231006e0
363 1.8077071e-1 4.9475858e-1 2.5531635e0
364 1.8004212e-1 4.9702552e-1 2.7744813e0
365 1.7931305e-1 4.9931878e-1 2.6491234e0
366 1.7858317e-1 5.0163805e-1 2.5823946e0
367 1.7785232e-1 5.0398338e-1 2.0982103e0
368 1.7712019e-1 5.0635433e-1 1.4697853e0
369 1.7638658e-1 5.0875086e-1 1.3961418e0
370 1.7565119e-1 5.1117283e-1 1.7299044e0
371 1.7491379e-1 5.1362002e-1 1.8974197e0
372 1.7417412e-1 5.1609212e-1 2.0662489e0
373 1.7343196e-1 5.1858902e-1 2.3410168e0
374 1.7268716e-1 5.2111053e-1 2.3697889e0
375 1.7194051e-1 5.2365643e-1 2.2380853e0
376 1.7119315e-1 5.2622658e-1 1.8060393e0
377 1.7044622e-1 5.2882081e-1 1.4213817e0
378 1.6970100e-1 5.3143871e-1 1.3536732e0
379 1.6895849e-1 5.3408056e-1 1.3221831e0
380 1.6821998e-1 5.3674573e-1 1.4807358e0
381 1.6748656e-1 5.3943413e-1 1.5392530e0
382 1.6675943e-1 5.4214555e-1 1.5200199e0
383 1.6603971e-1 5.4487997e-1 1.7474219e0
384 1.6532858e-1 5.4763710e-1 1.9357173e0
385 1.6462722e-1 5.5041665e-1 1.6306299e0
386 1.6393678e-1 5.5321866e-1 1.4877970e0
387 1.6325842e-1 5.5604267e-1 1.2690550e0
388 1.6259326e-1 5.5888873e-1 9.0228945e-1
389 1.6194256e-1 5.6175643e-1 8.6332744e-1
390 1.6130741e-1 5.6464571e-1 1.0080653e0
391 1.6068897e-1 5.6755650e-1 1.1856421e0
392 1.6008841e-1 5.7048821e-1 8.9637583e-1
393 1.5950690e-1 5.7344115e-1 6.7941672e-1
394 1.5894558e-1 5.7641482e-1 1.0409687e0
395 1.5840565e-1 5.7940900e-1 9.8807907e-1
396 1.5788826e-1 5.8242369e-1 5.8726150e-1
397 1.5739453e-1 5.8545858e-1 7.2540766e-1
398 1.5692569e-1 5.8851266e-1 9.0773404e-1
399 1.5648285e-1 5.9158492e-1 7.1629381e-1
400 1.5606554e-1 5.9467429e-1 7.4128509e-1
401 1.5567164e-1 5.9777951e-1 9.6131694e-1
402 1.5529887e-1 6.0089940e-1 1.0171840e0
403 1.5494494e-1 6.0403258e-1 1.0573241e0
404 1.5460746e-1 6.0717815e-1 1.4066397e0
405 1.5428421e-1 6.1033475e-1 1.3317527e0
406 1.5397285e-1 6.1350131e-1 1.3033661e0
407 1.5367104e-1 6.1667675e-1 1.6907321e0
408 1.5337655e-1 6.1985970e-1 1.4848392e0
409 1.5308705e-1 6.2304920e-1 9.9736774e-1
410 1.5280023e-1 6.2624383e-1 6.0834515e-1
411 1.5251380e-1 6.2944257e-1 5.0762856e-1
412 1.5222545e-1 6.3264430e-1 7.3122108e-1
413 1.5193288e-1 6.3584763e-1 9.7590774e-1
414 1.5163404e-1 6.3905150e-1 9.5008564e-1
415 1.5132861e-1 6.4225471e-1 8.3669579e-1
416 1.5101650e-1 6.4545643e-1 9.3944240e-1
417 1.5069780e-1 6.4865488e-1 1.1871475e0
418 1.5037239e-1 6.5184939e-1 1.1530378e0
419 1.5004039e-1 6.5503842e-1 1.0315115e0
420 1.4970171e-1 6.5822095e-1 9.5480758e-1
421 1.4935640e-1 6.6139597e-1 8.9569670e-1
422 1.4900452e-1 6.6456205e-1 8.3647901e-1
423 1.4864598e-1 6.6771823e-1 7.6679629e-1
424 1.4828083e-1 6.7086309e-1 8.1735665e-1
425 1.4790906e-1 6.7399579e-1 9.7694176e-1
426 1.4753070e-1 6.7711860e-1 1.2438128e0
427 1.4714573e-1 6.8023723e-1 1.2984977e0
428 1.4675418e-1 6.8335736e-1 1.1643176e0
429 1.4635603e-1 6.8648463e-1 1.1294243e0
430 1.4595126e-1 6.8962526e-1 1.1314479e0
431 1.4553997e-1 6.9278437e-1 1.3245968e0
432 1.4512204e-1 6.9596845e-1 1.2160516e0
433 1.4469755e-1 6.9918257e-1 8.4549147e-1
434 1.4426680e-1 7.0243275e-1 1.0276784e0
435 1.4383061e-1 7.0572507e-1 1.1266193e0
436 1.4338997e-1 7.0906496e-1 9.8223692e-1
437 1.4294581e-1 7.1245825e-1 1.0186511e0
438 1.4249910e-1 7.1591067e-1 9.8098320e-1
439 1.4205079e-1 7.1942812e-1 8.8309067e-1
440 1.4160183e-1 7.2301620e-1 9.8245800e-1
441 1.4115316e-1 7.2668093e-1 1.2054882e0
442 1.4070576e-1 7.3042780e-1 1.4144582e0
443 1.4026059e-1 7.3426259e-1 1.4641665e0
444 1.3981852e-1 7.3819137e-1 1.2393878e0
445 1.3938062e-1 7.4221951e-1 1.0016855e0
446 1.3894776e-1 7.4635309e-1 9.5325512e-1
447 1.3852091e-1 7.5059766e-1 8.8674843e-1
448 1.3810106e-1 7.5495923e-1 8.7058091e-1
449 1.3768910e-1 7.5944316e-1 9.5672089e-1
450 1.3728605e-1 7.6405561e-1 1.0276427e0
451 1.3689281e-1 7.6880223e-1 1.0134279e0
452 1.3651037e-1 7.7368873e-1 1.2066586e0
453 1.3613963e-1 7.7872097e-1 1.6011852e0
454 1.3578163e-1 7.8390449e-1 1.6104268e0
455 1.3543725e-1 7.8924549e-1 1.4206429e0
456 1.3510749e-1 7.9474825e-1 1.2824218e0
457 1.3479382e-1 8.0040687e-1 1.1515653e0
458 1.3449816e-1 8.0620724e-1 1.0934020e0
459 1.3422242e-1 8.1213462e-1 1.0289142e0
460 1.3396855e-1 8.1817502e-1 1.0015500e0
461 1.3373843e-1 8.2431388e-1 9.4753158e-1
462 1.3353401e-1 8.3053732e-1 9.1388369e-1
463 1.3335723e-1 8.3683056e-1 8.8506854e-1
464 1.3320999e-1 8.4317935e-1 7.1016777e-1
465 1.3309424e-1 8.4956986e-1 8.3600128e-1
466 1.3301188e-1 8.5598719e-1 1.0028876e0
467 1.3296485e-1 8.6241746e-1 9.7767609e-1
468 1.3295507e-1 8.6884582e-1 1.0938367e0
469 1.3298444e-1 8.7525880e-1 1.0874975e0
470 1.3305494e-1 8.8164133e-1 1.0147955e0
471 1.3316846e-1 8.8797939e-1 9.9259394e-1
472 1.3332692e-1 8.9425868e-1 9.4665915e-1
473 1.3353226e-1 9.0046471e-1 8.7537706e-1
474 1.3378638e-1 9.0658355e-1 8.2873708e-1
475 1.3409121e-1 9.1260046e-1 7.2532076e-1
476 1.3444872e-1 9.1850162e-1 6.5934324e-1
477 1.3486077e-1 9.2427218e-1 6.9630647e-1
478 1.3532934e-1 9.2989802e-1 6.6075945e-1
479 1.3585623e-1 9.3536496e-1 7.1634144e-1
480 1.3644281e-1 9.4065869e-1 8.3822948e-1
481 1.3709053e-1 9.4576484e-1 9.7184139e-1
482 1.3780077e-1 9.5067275e-1 1.1553899e0
483 1.3857487e-1 9.5540601e-1 1.4848487e0
484 1.3941416e-1 9.6000695e-1 1.5127321e0
485 1.4032014e-1 9.6451831e-1 1.1634895e0
486 1.4129405e-1 9.6898216e-1 1.3303403e0
487 1.4233732e-1 9.7344142e-1 1.3051571e0
488 1.4345136e-1 9.7793829e-1 1.0780551e0
489 1.4463748e-1 9.8251551e-1 1.1155418e0
490 1.4589711e-1 9.8721546e-1 9.1085386e-1
491 1.4723156e-1 9.9208045e-1 7.3635817e-1
492 1.4864229e-1 9.9715340e-1 7.7780682e-1
493 1.5013057e-1 1.0024762e0 7.0958138e-1
494 1.5169783e-1 1.0080920e0 6.9607776e-1
495 1.5334547e-1 1.0140431e0 7.6960254e-1
496 1.5507482e-1 1.0203719e0 8.4732735e-1
497 1.5688729e-1 1.0271209e0 8.6031264e-1
498 1.5878418e-1 1.0343324e0 7.8756458e-1
499 1.6076699e-1 1.0420496e0 8.1005037e-1
500 1.6283624e-1 1.0503142e0 1.2804199e0
501 1.6498490e-1 1.0591689e0 1.4067404e0
502 1.6720106e-1 1.0686562e0 1.0443256e0
503 1.6947281e-1 1.0788196e0 9.3222100e-1
504 1.7178787e-1 1.0897001e0 7.8557062e-1
505 1.7413445e-1 1.1013391e0 7.1064454e-1
506 1.7650047e-1 1.1137346e0 7.2417957e-1
507 1.7887409e-1 1.1268413e0 6.8911421e-1
508 1.8124302e-1 1.1406091e0 7.3247635e-1
509 1.8359540e-1 1.1549906e0 6.7500579e-1
510 1.8591924e-1 1.1699376e0 6.3516188e-1
511 1.8820250e-1 1.1854012e0 6.5932864e-1
512 1.9043334e-1 1.2013348e0 5.5336767e-1
513 1.9259948e-1 1.2176876e0 7.9746801e-1
514 1.9468904e-1 1.2344123e0 1.2311441e0
515 1.9669002e-1 1.2514604e0 1.3035817e0
516 1.9859040e-1 1.2687842e0 1.1241674e0
517 2.0037833e-1 1.2863357e0 1.0871919e0
518 2.0204155e-1 1.3040662e0 9.5651650e-1
519 2.0356819e-1 1.3219317e0 7.4735379e-1
520 2.0494618e-1 1.3398880e0 6.1198246e-1
521 2.0616369e-1 1.3578912e0 6.0955757e-1
522 2.0721002e-1 1.3758953e0 7.2149909e-1
523 2.0809367e-1 1.3938560e0 6.5609306e-1
524 2.0883617e-1 1.4117296e0 5.7867467e-1
525 2.0945926e-1 1.4294709e0 4.5115426e-1
526 2.0998475e-1 1.4470367e0 2.7714765e-1
527 2.1043426e-1 1.4643807e0 3.3379260e-1
528 2.1082959e-1 1.4814589e0 4.2226046e-1
529 2.1119250e-1 1.4982270e0 3.6321515e-1
530 2.1154475e-1 1.5146407e0 5.3399605e-1
531 2.1190809e-1 1.5306557e0 6.8588704e-1
532 2.1230422e-1 1.5462607e0 6.2794381e-1
533 2.1275488e-1 1.5616941e0 8.2311863e-1
534 2.1328185e-1 1.5773007e0 9.0259922e-1
535 2.1390694e-1 1.5934268e0 7.8850281e-1
536 2.1465176e-1 1.6104159e0 7.5178117e-1
537 2.1553819e-1 1.6286143e0 7.6427358e-1
538 2.1659057e-1 1.6483681e0 7.5345486e-1
539 2.1790147e-1 1.6700219e0 6.2523526e-1
540 2.1963476e-1 1.6939231e0 5.7233733e-1
541 2.2195731e-1 1.7204137e0 6.3746351e-1
542 2.2503635e-1 1.7498611e0 5.7206595e-1
543 2.2903891e-1 1.7830420e0 5.5371666e-1
544 2.3413250e-1 1.8211248e0 5.8758670e-1
545 2.4048354e-1 1.8652868e0 6.0667229e-1
546 2.4825951e-1 1.9167119e0 7.5335455e-1
547 2.5773466e-1 1.9765816e0 6.4284211e-1
548 2.6980537e-1 2.0460775e0 4.4011623e-1
549 2.8559259e-1 2.1263857e0 5.4210609e-1
550 3.0621472e-1 2.2180469e0 7.2688663e-1
551 3.3279282e-1 2.3181949e0 9.0626150e-1
552 3.6630201e-1 2.4228103e0 9.0180242e-1
553 4.0578768e-1 2.5278738e0 7.4606150e-1
554 4.4892657e-1 2.6293707e0 6.1982834e-1
555 4.9335855e-1 2.7232797e0 5.2658862e-1
556 5.3673708e-1 2.8085938e0 4.9289882e-1
557 5.7763511e-1 2.8912776e0 4.8873505e-1
558 6.1655885e-1 2.9782960e0 4.8188278e-1
559 6.5425044e-1 3.0765977e0 4.7493359e-1
560 6.9145882e-1 3.1931460e0 4.6786609e-1
561 7.2893059e-1 3.3348992e0 4.6064407e-1
562 7.6732248e-1 3.5067706e0 4.5323107e-1
563 8.0568117e-1 3.6930091e0 4.4558966e-1
564 8.4165436e-1 3.8658376e0 4.3768406e-1
565 8.7285095e-1 3.9995241e0 4.2947716e-1
566 8.9718485e-1 4.0942278e0 4.2093205e-1
567 9.1500747e-1 4.1672182e0 4.1201210e-1
568 9.2783177e-1 4.2360716e0 4.0267992e-1
569 9.3717617e-1 4.3183513e0 3.9289993e-1
570 9.4456083e-1 4.4256730e0 3.8263482e-1
571 9.5142603e-1 4.5511470e0 3.7184778e-1
572 9.5763791e-1 4.6779175e0 3.6050147e-1
573 9.6160901e-1 4.7478962e0 3.4857628e-1
574 9.6170086e-1 4.7574735e0 3.3613962e-1
575 9.5693791e-1 4.7497144e0 3.2329068e-1
576 9.4793987e-1 4.7372632e0 3.1012857e-1
577 9.3556160e-1 4.7166395e0 2.9675165e-1
578 9.2065948e-1 4.6880026e0 2.8326055e-1
579 9.0416211e-1 4.6632919e0 2.6975375e-1
580 8.8760704e-1 4.6524167e0 2.5633031e-1
581 8.7283236e-1 4.6550026e0 2.4308857e-1
582 8.6167753e-1 4.6691861e0 2.3008497e-1
583 8.5618627e-1 4.6943626e0 2.1732074e-1
584 8.6000097e-1 4.7333841e0 2.0479061e-1
585 8.7752861e-1 4.7988744e0 1.9248983e-1
586 9.1227138e-1 4.9628334e0 1.8041313e-1
587 9.5556056e-1 5.2821631e0 1.6855736e-1
588 9.9064541e-1 5.6302023e0 1.5691715e-1
589 1.0120056e0 5.8584204e0 1.4548787e-1
590 1.0246531e0 5.9668097e0 1.3426518e-1
591 1.0337814e0 6.0151482e0 1.2328374e-1
592 1.0412874e0 6.0314589e0 1.1266364e-1
593 1.0464845e0 6.0402260e0 1.0253352e-1
594 1.0486151e0 6.0520153e0 9.3022689e-2
595 1.0469201e0 6.0718222e0 8.4259950e-2
596 1.0402579e0 6.1000047e0 7.6375656e-2
597 1.0265938e0 6.1018524e0 6.9498569e-2
598 1.0037668e0 6.0243211e0 6.3757978e-2
599 9.6970421e-1 5.8001385e0 5.9231080e-2
600 9.2264903e-1 5.5705562e0 5.5797834e-2
601 8.6216378e-1 5.3716407e0 5.3292293e-2
602 7.9941857e-1 5.1454167e0 5.1547859e-2
603 7.5090241e-1 4.8584027e0 5.0398190e-2
604 7.1938676e-1 4.6867614e0 4.9676903e-2
605 6.9782364e-1 4.5856962e0 4.9217645e-2
606 6.7998362e-1 4.4192939e0 4.8854098e-2
607 6.6516697e-1 4.2951231e0 4.8420060e-2
608 6.5454960e-1 4.2524104e0 4.7800750e-2
609 6.4942747e-1 4.2456102e0 4.7000643e-2
610 6.5115076e-1 4.2313967e0 4.6041269e-2
611 6.6106218e-1 4.1981387e0 4.4944014e-2
612 6.7954838e-1 4.1532860e0 4.3730311e-2
613 7.0505589e-1 4.1058354e0 4.2421613e-2
614 7.3572785e-1 4.0695477e0 4.1039255e-2
615 7.6812840e-1 4.0540485e0 3.9604843e-2
616 7.9727644e-1 4.0542302e0 3.8139731e-2
617 8.1833941e-1 4.0624223e0 3.6665354e-2
618 8.3016503e-1 4.0715566e0 3.5203144e-2
619 8.3468819e-1 4.0810113e0 3.3774458e-2
620 8.3393914e-1 4.0940709e0 3.2400150e-2
621 8.2994872e-1 4.1140738e0 3.1088045e-2
622 8.2474750e-1 4.1443591e0 2.9835287e-2
623 8.2008147e-1 4.1893854e0 2.8638637e-2
624 8.1616360e-1 4.2637806e0 2.7495056e-2
625 8.1269002e-1 4.3750701e0 2.6401291e-2
626 8.0935699e-1 4.4550266e0 2.5354169e-2
627 8.0586082e-1 4.4902697e0 2.4350507e-2
628 8.0189764e-1 4.5175481e0 2.3387078e-2
629 7.9716450e-1 4.5409465e0 2.2460807e-2
630 7.9152375e-1 4.5488110e0 2.1568468e-2
631 7.8522259e-1 4.5293965e0 2.0706873e-2
632 7.7856296e-1 4.4730515e0 1.9872803e-2
633 7.7184802e-1 4.4027796e0 1.9063177e-2
634 7.6537973e-1 4.3529391e0 1.8274764e-2
635 7.5946051e-1 4.3113875e0 1.7504431e-2
636 7.5437111e-1 4.2563224e0 1.6750429e-2
637 7.5015426e-1 4.1682472e0 1.6012669e-2
638 7.4670428e-1 4.0577240e0 1.5291303e-2
639 7.4391216e-1 3.9541156e0 1.4586338e-2
640 7.4166989e-1 3.8671129e0 1.3897836e-2
641 7.3986846e-1 3.7955213e0 1.3225855e-2
642 7.3839968e-1 3.7373514e0 1.2570417e-2
643 7.3715508e-1 3.6831355e0 1.1931651e-2
644 7.3602635e-1 3.6187696e0 1.1309584e-2
645 7.3492622e-1 3.5359480e0 1.0704268e-2
646 7.3380476e-1 3.4487293e0 1.0115730e-2
647 7.3261583e-1 3.3750169e0 9.5440969e-3
648 7.3131341e-1 3.3186033e0 8.9893928e-3
649 7.2985148e-1 3.2756906e0 8.4516741e-3
650 7.2818351e-1 3.2449698e0 7.9310006e-3
spectra_end
climatology_begin
1 1 0.0000000e0 1.7569590e0 -3.0275758e-2 3.0223030e-1 7.5318813e-1 1.6207707e-1 3.7564945e-1 9.6687424e-1 3.4784734e-1 3.8479230e-1
1 2 3.5666656e-1 1.7921400e0 3.1624630e-2 3.1094208e-1 6.8283623e-1 2.8316936e-1 4.3885022e-1 9.5492196e-1 3.3071473e-1 4.0751484e-1
1 3 1.0000000e0 1.8440446e0 1.4150123e-2 3.1473854e-1 6.5561026e-1 3.6267996e-1 4.5117700e-1 9.4745564e-1 3.5737821e-1 4.1102648e-1
1 4 1.0000000e0 1.6955794e0 3.9172567e-2 3.2012442e-1 6.2648791e-1 3.3777052e-1 4.4000205e-1 9.4805443e-1 2.0675422e-1 3.9023376e-1
1 5 1.0000000e0 1.5513111e0 5.1720485e-2 3.2020152e-1 6.2370342e-1 2.2107533e-1 4.4318530e-1 1.0195863e0 2.4095590e-1 3.7419224e-1
1 6 1.0000000e0 1.4616098e0 -2.7307967e-2 3.5286248e-1 6.1180472e-1 9.7647116e-2 4.1292644e-1 1.0372720e0 2.7219918e-1 3.5729837e-1
1 7 1.0000000e0 1.3733988e0 -3.8081943e-3 3.8637966e-1 6.0204232e-1 1.3103588e-1 4.0166011e-1 1.0146043e0 2.9743192e-1 3.5817003e-1
1 8 1.0000000e0 1.2277622e0 8.8322766e-2 3.9468348e-1 5.7864511e-1 1.7905663e-1 3.4982994e-1 9.5306951e-1 2.1204397e-1 3.5634816e-1
1 9 1.0000000e0 1.0434183e0 6.9343574e-2 4.2049947e-1 5.4761982e-1 1.6691861e-1 3.3456722e-1 9.0512604e-1 1.7934731e-1 3.5070181e-1
1 10 1.0000000e0 9.0472513e-1 4.7381658e-2 4.2786947e-1 5.7307816e-1 7.0548356e-2 3.6481494e-1 8.5506660e-1 2.2333321e-1 3.7997308e-1
1 11 6.1333323e-1 8.3260000e-1 8.6973123e-2 4.0284225e-1 6.3443506e-1 9.7465627e-2 3.5111862e-1 8.6172080e-1 1.9784006e-1 3.8064796e-1
1 12 0.0000000e0 7.7865565e-1 1.5203740e-1 3.9635944e-1 6.9588733e-1 -2.8218150e-2 3.4232149e-1 9.0833354e-1 1.7456654e-1 3.7916437e-1
2 1 0.0000000e0 1.3675948e0 8.2092375e-2 3.0121157e-1 1.0404781e0 3.0154145e-1 2.9726240e-1 1.0132425e0 3.4768042e-1 3.8216910e-1
2 2 5.6599998e-1 1.4513277e0 7.3757671e-2 3.0561623e-1 9.2267710e-1 1.2661518e-1 3.1197903e-1 1.0033860e0 3.7922943e-1 3.8829374e-1
2 3 1.0000000e0 1.4556462e0 6.0977014e-3 3.1659114e-1 8.3646977e-1 1.3809051e-2 3.4233886e-1 9.7606510e-1 3.7332755e-1 3.8338387e-1
2 4 1.0000000e0 1.2880358e0 -4.2211834e-2 3.2829091e-1 7.8734982e-1 -1.6856220e-1 3.2868546e-1 1.0089213e0 4.4778043e-1 3.9699689e-1
2 5 1.0000000e0 1.1803976e0 6.8880707e-2 3.2884610e-1 8.0152780e-1 -2.8259972e-1 3.1946093e-1 1.0406221e0 4.5809975e-1 3.8451812e-1
2 6 1.0000000e0 1.1198608e0 4.3722231e-2 3.2556504e-1 8.1086230e-1 -1.0610713e-1 3.4365508e-1 1.0528361e0 4.6896520e-1 3.9169121e-1
2 7 1.0000000e0 1.0851805e0 3.4549527e-2 3.5402751e-1 7.8966302e-1 -8.4199592e-2 3.4658957e-1 1.0244312e0 4.7927329e-1 3.6232337e-1
2 8 1.0000000e0 1.0293325e0 5.4404963e-2 3.8950467e-1 7.6122439e-1 -1.1232457e-1 3.7416258e-1 1.0133102e0 3.6430469e-1 3.5647213e-1
2 9 1.0000000e0 9.2858928e-1 3.8533878e-2 4.0388709e-1 7.4477577e-1 -3.1083809e-2 3.5242730e-1 9.5135981e-1 2.5869143e-1 3.4874129e-1
2 10 1.0000000e0 8.2187462e-1 6.4070255e-2 4.0230370e-1 7.3646122e-1 -5.3558975e-2 3.3480877e-1 9.0767729e-1 1.6942932e-1 3.9148161e-1
2 11 1.0000000e0 7.1477062e-1 1.1744881e-1 3.8788831e-1 7.8441781e-1 -1.5210250e-1 3.2942671e-1 9.6438897e-1 1.4349112e-1 3.8895530e-1
2 12 2.7999878e-2 6.7006171e-1 1.1921642e-1 3.9371213e-1 8.1965148e-1 -2.3929134e-1 3.4560671e-1 1.0201700e0 9.8481342e-2 4.0244851e-1
3 1 9.9997520e-3 1.2329075e0 -2.8487025e-2 2.8419703e-1 1.3435866e0 1.8482551e-1 3.2489535e-1 1.0461133e0 3.7197125e-1 3.5412702e-1
3 2 1.0000000e0 1.2345263e0 -1.6042015e-2 2.9319242e-1 1.2159353e0 4.3296957e-1 3.0416033e-1 1.0806106e0 3.8501105e-1 3.4816882e-1
3 3 1.0000000e0 1.1862085e0 -2.6060469e-2 2.9669350e-1 1.0312232e0 -9.6305441e-3 2.8289855e-1 1.1048315e0 5.0712895e-1 3.4689379e-1
3 4 1.0000000e0 1.0485158e0 -1.4446554e-1 2.9458332e-1 1.0592743e0 -1.7712510e-1 2.7721065e-1 1.1098058e0 5.7387108e-1 3.5232118e-1
3 5 1.0000000e0 9.7359765e-1 -1.0048621e-1 2.9102233e-1 1.0308517e0 -2.6819444e-1 2.7883586e-1 1.1045744e0 5.3469110e-1 3.5922348e-1
3 6 1.0000000e0 8.9033568e-1 -6.5813676e-2 2.8667715e-1 9.8745352e-1 -2.4443881e-1 2.8597027e-1 1.0991769e0 5.5371439e-1 3.5603169e-1
3 7 1.0000000e0 8.2490897e-1 -5.4458585e-2 3.2588908e-1 9.4231808e-1 -2.5261816e-1 2.8238145e-1 1.1089003e0 4.6386337e-1 3.3593369e-1
3 8 1.0000000e0 7.7371889e-1 -6.0481979e-3 3.6830902e-1 9.1213983e-1 -2.9253912e-1 3.2239571e-1 1.1211123e0 3.2824644e-1 3.1548846e-1
3 9 1.0000000e0 7.2395873e-1 -7.3152028e-2 3.7804022e-1 9.3485910e-1 -2.6304334e-1 3.5120195e-1 1.1169757e0 2.6603505e-1 3.2999748e-1
3 10 1.0000000e0 6.5212584e-1 -6.5086685e-2 3.8143596e-1 9.4772846e-1 -2.7911440e-1 3.6668333e-1 1.1170921e0 2.1642315e-1 3.6349720e-1
3 11 1.0000000e0 5.9627181e-1 2.2801379e-2 3.7722945e-1 9.5924544e-1 -3.6637744e-1 3.6230949e-1 1.1395361e0 1.5171969e-1 3.8047606e-1
3 12 3.2333326e-1 5.6930667e-1 3.1290345e-2 3.5234049e-1 1.0315324e0 -1.8163505e-1 3.1724277e-1 1.1556671e0 1.9848904e-1 3.6810958e-1
4 1 5.2333307e-1 1.2334120e0 4.1782763e-2 2.6759186e-1 1.5532833e0 -1.9766723e-1 3.4197322e-1 9.9918389e-1 4.0411749e-1 3.6086914e-1
4 2 1.0000000e0 1.1202664e0 7.8873403e-2 2.4748804e-1 1.5841589e0 -2.4226584e-1 3.2833433e-1 1.0245515e0 4.0224874e-1 3.5127822e-1
4 3 1.0000000e0 1.0029505e0 1.5870271e-2 2.5114408e-1 1.5209161e0 6.7900322e-2 2.9984507e-1 1.1098435e0 2.6762888e-1 3.3776209e-1
4 4 1.0000000e0 9.2421126e-1 -3.6421821e-2 2.5164759e-1 1.4643658e0 1.3296579e-1 2.7626124e-1 1.0934300e0 3.5659665e-1 3.3154663e-1
4 5 1.0000000e0 8.3968133e-1 -1.4628230e-1 2.8018045e-1 1.4076960e0 -9.1870711e-4 2.7668464e-1 1.0903202e0 3.9585641e-1 3.2675117e-1
4 6 1.0000000e0 7.4187887e-1 -1.5286632e-1 3.0858871e-1 1.3463358e0 1.0461900e-2 2.8515768e-1 1.1267718e0 3.1827611e-1 3.1341687e-1
4 7 1.0000000e0 6.5637231e-1 -1.2703978e-1 3.2783204e-1 1.2562233e0 2.5607629e-2 3.0040428e-1 1.1732323e0 2.6689547e-1 2.9445454e-1
4 8 1.0000000e0 5.9118223e-1 -7.5221129e-2 3.5146984e-1 1.2570996e0 7.6973267e-2 3.0458203e-1 1.2379092e0 2.5839198e-1 2.7813271e-1
4 9 1.0000000e0 5.5500072e-1 -2.3277986e-1 3.8421518e-1 1.2750105e0 3.6490515e-2 3.1389713e-1 1.2921362e0 2.8730676e-1 2.9434237e-1
4 10 1.0000000e0 5.3235143e-1 -1.9714077e-1 3.9235476e-1 1.3647172e0 2.8177094e-2 3.2468185e-1 1.3514043e0 3.0025584e-1 3.1248924e-1
4 11 1.0000000e0 5.3032601e-1 -1.1826724e-1 3.7532094e-1 1.4365585e0 2.1316791e-1 3.0101165e-1 1.2809297e0 2.4564852e-1 3.3844346e-1
4 12 5.4666662e-1 5.4498178e-1 -1.3887687e-1 3.5110614e-1 1.3145839e0 2.6807898e-1 3.0462870e-1 1.2583731e0 2.8539503e-1 3.4942704e-1
5 1 8.6000013e-1 1.4165336e0 5.5765182e-2 2.9083598e-1 1.4306895e0 -1.2153964e-1 3.5773805e-1 9.0522420e-1 4.6323624e-1 3.9574549e-1
5 2 1.0000000e0 1.3255662e0 1.0444879e-3 2.8521436e-1 1.4816233e0 -1.1927242e-1 3.6495942e-1 9.3037492e-1 4.2579690e-1 3.8692081e-1
5 3 1.0000000e0 1.1480887e0 -9.4056176e-3 3.0410591e-1 1.4385247e0 2.5056405e-2 3.6793017e-1 9.6374643e-1 4.4247076e-1 3.7613183e-1
5 4 1.0000000e0 1.0015033e0 3.3063501e-2 3.0813000e-1 1.4147491e0 1.0649286e-1 3.3937341e-1 9.7643799e-1 4.8174551e-1 3.7011147e-1
5 5 1.0000000e0 8.1459779e-1 -6.3377753e-2 3.3517072e-1 1.3776091e0 3.5441458e-2 3.3338371e-1 9.8581433e-1 5.5678827e-1 3.4751162e-1
5 6 1.0000000e0 6.6508609e-1 -9.7153276e-2 3.4564811e-1 1.3041155e0 1.3273308e-1 3.4995380e-1 1.0270262e0 5.5851597e-1 3.2753441e-1
5 7 1.0000000e0 5.9830678e-1 -9.1130316e-2 3.8693622e-1 1.3503413e0 5.3705454e-2 3.5220978e-1 1.0967895e0 4.3876746e-1 3.0478612e-1
5 8 1.0000000e0 5.5757725e-1 -6.8515047e-2 3.7058511e-1 1.3803815e0 2.1047790e-1 3.2840306e-1 1.1727127e0 3.6470515e-1 2.9729545e-1
5 9 1.0000000e0 5.3898531e-1 -1.3714629e-1 3.4639883e-1 1.4334919e0 1.2019772e-1 3.1598923e-1 1.2571230e0 3.7111974e-1 2.7975920e-1
5 10 1.0000000e0 5.6974292e-1 -1.7998911e-1 3.4849685e-1 1.4736146e0 2.1313362e-1 3.0457821e-1 1.3529881e0 3.4278372e-1 3.1488609e-1
5 11 1.0000000e0 6.1784190e-1 -2.1047434e-1 3.5966021e-1 1.4447216e0 2.7407452e-1 2.8010055e-1 1.3347059e0 3.8919014e-1 3.3298594e-1
5 12 7.4666691e-1 6.3484675e-1 -2.9409832e-1 3.8517189e-1 1.3820385e0 2.8553674e-1 2.8574377e-1 1.2983541e0 3.7620988e-1 3.3907625e-1
6 1 9.5666647e-1 1.6709677e0 5.7633195e-2 3.0371496e-1 1.1701761e0 -2.3369105e-1 3.8252595e-1 7.6223248e-1 6.1235213e-1 4.5149273e-1
6 2 1.0000000e0 1.5823358e0 9.2843942e-2 3.0867842e-1 1.0694342e0 -1.1963501e-1 4.0349466e-1 7.2398758e-1 4.9788800e-1 4.4919389e-1
6 3 1.0000000e0 1.3314023e0 9.5077261e-2 3.2253146e-1 9.7241890e-1 2.1050142e-1 4.0045238e-1 7.2673804e-1 5.2882957e-1 4.2205048e-1
6 4 1.0000000e0 1.1501683e0 1.9172055e-1 3.5090011e-1 9.9342531e-1 1.9773600e-1 3.8108170e-1 7.4117732e-1 5.6917375e-1 4.2236897e-1
6 5 1.0000000e0 9.5642072e-1 1.6824044e-1 3.8991329e-1 9.8226899e-1 9.9367507e-2 4.0759841e-1 7.6980394e-1 7.6095319e-1 3.9952493e-1
6 6 1.0000000e0 8.0163395e-1 2.4476707e-1 4.0755311e-1 1.0346932e0 1.3401580e-1 4.2056140e-1 8.1954837e-1 8.2320511e-1 3.8475764e-1
6 7 1.0000000e0 7.0855898e-1 1.5405601e-1 4.0945387e-1 1.0476773e0 -1.3107488e-2 4.0424341e-1 8.7802571e-1 6.2675846e-1 3.5075727e-1
6 8 1.0000000e0 6.7708284e-1 -4.5391368e-3 4.1445723e-1 1.1263922e0 2.6462996e-1 4.0537259e-1 9.5671999e-1 5.9407008e-1 3.3489579e-1
6 9 1.0000000e0 6.6900611e-1 -2.9467283e-2 4.1261047e-1 1.1007739e0 6.1260849e-1 3.6218143e-1 1.0456026e0 5.0459188e-1 3.1634015e-1
6 10 1.0000000e0 6.9688869e-1 -1.2053403e-1 3.9331433e-1 1.0882038e0 4.6942466e-1 3.4787646e-1 1.1285270e0 4.9909461e-1 3.4217438e-1
6 11 1.0000000e0 7.3104757e-1 -9.0463459e-2 3.9933166e-1 1.1084757e0 4.7604525e-1 3.3681011e-1 1.1544483e0 4.6421063e-1 3.4429502e-1
6 12 9.5333338e-1 7.3459053e-1 -2.2996342e-2 3.9399365e-1 1.1375873e0 5.8408844e-1 3.4086227e-1 1.1635915e0 4.7111365e-1 3.4565985e-1
7 1 8.2666683e-1 1.8241330e0 -8.4684622e-3 2.9825205e-1 9.5081061e-1 -8.6554050e-2 3.4643817e-1 6.6024852e-1 5.0811064e-1 4.5209846e-1
7 2 1.0000000e0 1.7733759e0 5.7240378e-2 2.9962918e-1 8.8354975e-1 -2.6323473e-2 3.6197716e-1 6.2913758e-1 5.0726378e-1 4.6980542e-1
7 3 1.0000000e0 1.5166320e0 1.5427737e-1 2.9838538e-1 8.2533669e-1 1.4322306e-1 3.5137302e-1 6.1921346e-1 5.1036412e-1 4.7498938e-1
7 4 1.0000000e0 1.2878536e0 1.1754575e-1 3.3207509e-1 8.2563472e-1 2.5609604e-1 3.5603985e-1 6.3753730e-1 6.9257575e-1 4.5979607e-1
7 5 1.0000000e0 1.1131927e0 9.5611557e-2 3.7052569e-1 8.4098113e-1 2.7242151e-1 4.1226360e-1 6.4477366e-1 6.4903939e-1 4.2097420e-1
7 6 1.0000000e0 9.0479761e-1 2.6602525e-1 4.0443233e-1 8.0772400e-1 2.3820037e-1 4.1692096e-1 6.6172773e-1 5.3107184e-1 4.0456137e-1
7 7 1.0000000e0 7.5853151e-1 2.1009405e-1 4.2263323e-1 8.1216228e-1 1.6445911e-2 4.1237462e-1 7.0216459e-1 4.8339424e-1 3.8984793e-1
7 8 1.0000000e0 7.1695137e-1 2.3012246e-1 4.3000874e-1 8.3480173e-1 2.8251317e-1 4.1061237e-1 7.8927314e-1 5.1235306e-1 3.6884031e-1
7 9 1.0000000e0 6.8675148e-1 1.5186833e-1 4.1940880e-1 8.3387947e-1 4.8125213e-1 3.7343770e-1 8.9956260e-1 6.1468512e-1 3.6269704e-1
7 10 1.0000000e0 7.0241737e-1 1.1647195e-1 4.2198640e-1 8.6120665e-1 5.9565830e-1 3.4141275e-1 9.8718280e-1 5.4147846e-1 3.7426689e-1
7 11 1.0000000e0 7.3969126e-1 1.7232873e-1 4.0641251e-1 9.0428549e-1 5.6342596e-1 3.6427727e-1 1.0425889e0 4.9516922e-1 3.7395319e-1
7 12 1.0000000e0 7.4831676e-1 1.8331492e-1 3.9043447e-1 9.2696643e-1 5.7856643e-1 3.6710891e-1 1.0353953e0 5.1745057e-1 3.7911576e-1
8 1 6.2666655e-1 1.8630575e0 8.9649357e-2 2.8020152e-1 9.6129680e-1 -8.8214383e-2 3.2770798e-1 6.8970954e-1 2.1006821e-1 4.7292519e-1
8 2 1.0000000e0 1.8044757e0 1.1058546e-1 2.7801877e-1 9.3082881e-1 6.0022123e-2 3.2999724e-1 6.5866643e-1 2.4544707e-1 4.9467123e-1
8 3 1.0000000e0 1.5403194e0 9.6763089e-2 2.9334518e-1 8.8187212e-1 6.7253672e-2 3.3106494e-1 6.4313495e-1 4.5949352e-1 5.0094479e-1
8 4 1.0000000e0 1.2959296e0 5.7573181e-2 3.1076235e-1 8.6048800e-1 1.6048764e-1 3.0345720e-1 6.5522993e-1 4.3196547e-1 4.7717392e-1
8 5 1.0000000e0 1.0872421e0 2.3833012e-2 3.4220865e-1 8.5281885e-1 1.1532511e-1 3.0894819e-1 6.9446528e-1 5.0386208e-1 4.4472101e-1
8 6 1.0000000e0 8.9028007e-1 1.0956603e-1 4.0187740e-1 8.2973611e-1 1.4026034e-1 2.9096580e-1 6.8829048e-1 4.8664248e-1 4.2618710e-1
8 7 1.0000000e0 7.6734650e-1 8.5612021e-2 4.2503950e-1 8.1684333e-1 2.9420725e-1 2.9184079e-1 7.2147453e-1 6.1057627e-1 3.8911405e-1
8 8 1.0000000e0 7.0853257e-1 6.7748263e-2 4.3845722e-1 8.2347697e-1 4.0763924e-1 2.9980585e-1 8.1540757e-1 6.0549396e-1 3.8915318e-1
8 9 1.0000000e0 6.7538297e-1 6.3711599e-2 4.1363087e-1 8.3943516e-1 2.6304188e-1 2.8704828e-1 9.0939695e-1 7.2897857e-1 3.8641283e-1
8 10 1.0000000e0 6.7617899e-1 2.1389532e-1 3.8257965e-1 8.8396692e-1 2.3806970e-1 2.8815860e-1 9.4308484e-1 6.4787948e-1 3.8373739e-1
8 11 1.0000000e0 6.8388319e-1 2.0007701e-1 3.7873045e-1 8.5958391e-1 4.3760255e-1 2.9804203e-1 9.4894475e-1 4.9787885e-1 3.9035732e-1
8 12 7.8666687e-1 6.9855249e-1 2.3978333e-1 3.5718051e-1 8.6383802e-1 4.5115048e-1 3.2520035e-1 9.7328478e-1 4.8453945e-1 3.7730119e-1
9 1 4.6000004e-1 1.6316050e0 -5.1320933e-2 2.7968946e-1 1.1477450e0 6.9635510e-2 3.0588838e-1 8.3115298e-1 4.0333837e-1 4.1192603e-1
9 2 1.0000000e0 1.5909767e0 -3.7849136e-2 2.7757552e-1 1.1742817e0 1.2691464e-1 2.9652095e-1 8.5180813e-1 3.5308084e-1 4.2297143e-1
9 3 1.0000000e0 1.3251214e0 2.6465498e-2 2.9283828e-1 1.1000375e0 -4.9343187e-2 3.4667030e-1 8.9279515e-1 4.2435560e-1 4.1976628e-1
9 4 1.0000000e0 1.1197681e0 1.6716239e-1 2.9574904e-1 1.0494452e0 -9.1161713e-2 3.6750323e-1 9.3575555e-1 5.6051439e-1 4.0242618e-1
9 5 1.0000000e0 9.6376395e-1 2.7927944e-1 3.0910805e-1 1.0015057e0 -1.2713514e-1 3.3890939e-1 8.9017040e-1 5.5389386e-1 3.8401386e-1
9 6 1.0000000e0 8.2754034e-1 2.6359507e-1 3.5210341e-1 9.6541411e-1 -2.2834903e-1 3.2357344e-1 8.6559004e-1 3.5695845e-1 4.1001329e-1
9 7 1.0000000e0 7.1085548e-1 1.3441314e-1 3.9452088e-1 9.3828875e-1 -2.5029844e-1 3.1776550e-1 8.8601100e-1 4.3702173e-1 3.9525643e-1
9 8 1.0000000e0 6.3503301e-1 -3.0474180e-2 4.0867370e-1 9.4705945e-1 -9.0398252e-2 3.2412365e-1 9.5811349e-1 3.9029282e-1 3.5378283e-1
9 9 1.0000000e0 5.9137219e-1 -2.1722089e-3 3.9121726e-1 9.9259061e-1 -1.2536974e-1 3.8795826e-1 1.0316775e0 3.3151233e-1 3.5163504e-1
9 10 1.0000000e0 5.7568800e-1 -2.2467563e-2 3.6621335e-1 1.0294539e0 -2.0107128e-1 3.2090774e-1 1.0391853e0 3.1697068e-1 3.6110574e-1
9 11 1.0000000e0 5.7612723e-1 -7.6250017e-2 3.8106120e-1 1.0230792e0 -1.7699355e-1 2.9060805e-1 1.0119412e0 3.4901848e-1 3.6714184e-1
9 12 3.3333349e-1 6.1837488e-1 2.8823515e-2 3.7076893e-1 9.5554596e-1 8.2221173e-2 3.1284952e-1 9.9688047e-1 3.9657262e-1 3.8288343e-1
10 1 2.4333334e-1 1.4881029e0 -3.2493412e-2 2.6121300e-1 1.1830834e0 -4.5905024e-2 2.8632826e-1 9.9172240e-1 3.8098055e-1 3.9384717e-1
10 2 1.0000000e0 1.3792932e0 4.1120280e-2 2.5457475e-1 1.2347404e0 -8.6415887e-2 2.9915166e-1 1.0146316e0 3.5174283e-1 3.8761222e-1
10 3 1.0000000e0 1.2238178e0 5.6804515e-2 2.5780809e-1 1.2235970e0 -4.9766641e-2 3.0968744e-1 1.0669760e0 2.8371599e-1 3.7241685e-1
10 4 1.0000000e0 1.0322417e0 1.1262982e-1 2.5573757e-1 1.2373534e0 8.5905213e-3 3.2635957e-1 1.0924848e0 3.6360788e-1 3.8060269e-1
10 5 1.0000000e0 8.8332611e-1 1.3130514e-1 2.9720190e-1 1.1483905e0 1.9018324e-2 3.1368148e-1 1.0806197e0 4.2201200e-1 3.4109348e-1
10 6 1.0000000e0 7.7193010e-1 1.3444881e-1 3.1927848e-1 1.1181568e0 -7.5350940e-2 3.0570459e-1 1.0812695e0 3.8063344e-1 3.5107490e-1
10 7 1.0000000e0 6.6984898e-1 9.6562728e-2 3.3200502e-1 1.1235034e0 5.1314816e-2 3.0352300e-1 1.1014706e0 3.3232901e-1 3.5003117e-1
10 8 1.0000000e0 6.0848433e-1 -3.5826165e-2 3.4119931e-1 1.1312298e0 1.7227758e-1 3.2568860e-1 1.1525146e0 2.1972476e-1 3.2154334e-1
10 9 1.0000000e0 5.6850016e-1 -3.7254695e-2 3.4389183e-1 1.1641217e0 1.6700709e-1 3.7151262e-1 1.1972657e0 1.4162809e-1 3.1295061e-1
10 10 1.0000000e0 5.4168481e-1 3.6949333e-2 3.3986700e-1 1.1807455e0 2.9410070e-2 3.6690643e-1 1.1722733e0 7.0697434e-2 3.2189915e-1
10 11 8.0666637e-1 5.3993392e-1 -6.0720969e-2 3.5583073e-1 1.1134379e0 -1.2091407e-1 3.1459403e-1 1.1136198e0 1.4512226e-1 3.5204256e-1
10 12 0.0000000e0 5.6928504e-1 -8.1960753e-2 3.7122238e-1 1.0587051e0 -4.7837369e-2 3.0125502e-1 1.0554104e0 2.5841179e-1 3.6543182e-1
11 1 0.0000000e0 1.4706924e0 -1.2939978e-2 2.4819888e-1 1.0727251e0 -1.0149149e-1 3.0925459e-1 1.0607134e0 3.1431422e-1 3.8100609e-1
11 2 9.0999985e-1 1.4587783e0 3.1671219e-2 2.5518036e-1 1.0229917e0 -7.8476407e-2 3.2425991e-1 1.0904877e0 3.0509430e-1 3.6788842e-1
11 3 1.0000000e0 1.4156910e0 9.3827315e-2 2.6296070e-1 9.7939891e-1 -4.7843333e-2 3.4141400e-1 1.1153295e0 3.0238470e-1 3.6212918e-1
11 4 1.0000000e0 1.2406237e0 1.4305323e-1 2.8191254e-1 9.6831155e-1 4.8897661e-2 3.4167522e-1 1.1741486e0 3.8501173e-1 3.5949600e-1
11 5 1.0000000e0 1.1077985e0 1.3829793e-1 2.9845214e-1 9.6124154e-1 5.7877719e-2 3.2683271e-1 1.1826066e0 3.8675141e-1 3.3419734e-1
11 6 1.0000000e0 1.0168246e0 1.4103492e-1 3.1880561e-1 9.9180883e-1 -2.0525819e-2 3.3283371e-1 1.1956418e0 4.3293950e-1 3.3561602e-1
11 7 1.0000000e0 9.5958698e-1 1.7831004e-1 3.3313179e-1 1.0028156e0 8.7999038e-2 3.2617596e-1 1.1879704e0 4.0486318e-1 3.3426952e-1
11 8 1.0000000e0 8.6415893e-1 1.7294033e-1 3.6528003e-1 9.3705654e-1 2.2624910e-1 3.2368210e-1 1.2053778e0 2.7789599e-1 3.1162256e-1
11 9 1.0000000e0 7.8654176e-1 1.6403651e-1 3.7237975e-1 8.9655298e-1 1.8312147e-1 3.4028149e-1 1.1820723e0 6.2361948e-2 2.9563850e-1
11 10 1.0000000e0 7.1635813e-1 1.4076079e-1 3.7276360e-1 9.2879045e-1 7.2533175e-2 3.3759820e-1 1.1690989e0 3.4837756e-2 3.0419827e-1
11 11 4.0000010e-1 6.5258169e-1 1.0088187e-1 3.7014657e-1 9.5670390e-1 -8.4120892e-2 3.4789720e-1 1.1154436e0 3.6226030e-2 3.2863501e-1
11 12 0.0000000e0 6.1933047e-1 7.0116729e-2 3.7564889e-1 9.9580222e-1 -2.0145673e-1 3.4095564e-1 1.0698664e0 9.0018518e-2 3.4551117e-1
12 1 0.0000000e0 1.6790987e0 -1.4745907e-2 2.8124583e-1 8.6123019e-1 -1.4422889e-2 3.4357271e-1 1.0260059e0 2.9349592e-1 3.8060281e-1
12 2 5.2333307e-1 1.7517604e0 -1.5794631e-2 2.8515652e-1 7.5665247e-1 1.2516448e-1 3.7720850e-1 1.0318389e0 3.3392313e-1 3.9516807e-1
12 3 1.0000000e0 1.7584591e0 -7.1484922e-3 3.1203169e-1 6.8074960e-1 2.6143032e-1 3.9114630e-1 1.0408299e0 2.7798751e-1 3.9859775e-1
12 4 1.0000000e0 1.6181494e0 5.9759151e-2 3.2180470e-1 6.7850441e-1 3.4790397e-1 4.0139645e-1 1.0905879e0 3.2782274e-1 3.7935597e-1
12 5 1.0000000e0 1.4840326e0 1.5683711e-1 3.2167736e-1 7.2580826e-1 3.6749730e-1 4.0318692e-1 1.1445611e0 3.7719694e-1 3.3892989e-1
12 6 1.0000000e0 1.4274623e0 1.7828730e-1 3.4945145e-1 7.2122872e-1 3.5986668e-1 4.0822926e-1 1.1638521e0 4.7409600e-1 3.3391941e-1
12 7 1.0000000e0 1.3505292e0 1.6278616e-1 3.7196642e-1 6.8430167e-1 2.0936216e-1 4.1404647e-1 1.1301192e0 4.1585141e-1 3.4065038e-1
12 8 1.0000000e0 1.2157775e0 2.1833062e-1 3.6921915e-1 6.5459478e-1 1.7532791e-1 4.1266373e-1 1.0642887e0 2.4597171e-1 3.2984719e-1
12 9 1.0000000e0 1.0401325e0 5.9747986e-2 3.7514684e-1 6.0796928e-1 2.9828057e-1 3.6787969e-1 9.8731244e-1 1.5871310e-1 3.2758489e-1
12 10 1.0000000e0 9.0306085e-1 6.1731003e-2 3.8452178e-1 6.2067574e-1 1.6690144e-1 3.7322474e-1 9.5918310e-1 1.7232306e-1 3.3811301e-1
12 11 3.1333351e-1 8.4260064e-1 1.1686406e-2 4.0560353e-1 6.1952114e-1 7.9913810e-2 3.6581171e-1 9.6737731e-1 1.3390404e-1 3.4791979e-1
12 12 0.0000000e0 7.9085869e-1 4.2482018e-2 4.0184620e-1 7.1180433e-1 6.1265796e-2 3.7000024e-1 9.5925003e-1 1.6577332e-1 3.6753049e-1
climatology_end
