# schema = nsb-moonlight-multiscatter-v1
# definition = f = I_total/I_SS = 1/(1-min(I_DS/I_SS,0.9))
# solver = nsb-forced-collision-plane-parallel-mc-v1
# aerosol_model_sha256 = d63543d5b168e27669479fc0004f0a9c21f94de81b83920981e4a61c8ae24e82
# mie_artifact_sha256 = 8ac2548e2699dee1448f60d867d4c2fd5a49b4702dba63297972e81cb3cb4bbc
# seed_namespace = nsb-moonlight-multiscatter-v1
36 16
0.300000 0.310000 0.320000 0.330000 0.340000 0.350000 0.360000 0.370000 0.380000 0.390000 0.400000 0.410000 0.420000 0.430000 0.440000 0.450000 0.460000 0.470000 0.480000 0.490000 0.500000 0.510000 0.520000 0.530000 0.540000 0.550000 0.560000 0.570000 0.580000 0.590000 0.600000 0.610000 0.620000 0.630000 0.640000 0.650000
0 10 20 30 40 50 60 70 80 90 100 110 120 130 140 180
1.12033077 1.56018018 1.65066082 1.77194721 1.95284791 2.22156762 2.63106672 3.35520502 4.28326307 5.07828005 5.14000897 4.58121059 3.80855866 3.34959358 3.34156257 3.34156257
1.10353645 1.49042594 1.57004619 1.67501813 1.82071034 2.03110125 2.34213802 2.83999358 3.46090236 3.93730808 4.00551122 3.61435677 3.15307949 2.82616350 2.73899145 2.73899145
1.09080433 1.43154123 1.50284516 1.58908111 1.71657864 1.88684937 2.14345090 2.51687571 2.97006111 3.26835729 3.33064068 3.04206689 2.72686622 2.47516783 2.36384342 2.36384342
1.07882608 1.38415254 1.44528802 1.52245900 1.63019580 1.77752681 1.98277513 2.27729030 2.60559226 2.82849846 2.88143938 2.70011318 2.43453902 2.23469595 2.13909675 2.13909675
1.06974566 1.34556405 1.39645275 1.46636788 1.55738237 1.68073722 1.85135356 2.08952135 2.36002091 2.51892304 2.56030074 2.41473860 2.22818011 2.05886191 1.96514949 1.96514949
1.06099481 1.30846835 1.35753288 1.41616472 1.49797725 1.60611776 1.75116926 1.94969258 2.15558658 2.29945177 2.33280209 2.22126859 2.05881709 1.92029693 1.83276511 1.83276511
1.05484184 1.27850597 1.32075907 1.37402995 1.44578410 1.54045060 1.66290544 1.82897107 2.00247277 2.11544503 2.14662017 2.06303278 1.93206916 1.81826435 1.73838145 1.73838145
1.04797761 1.25107852 1.29007122 1.33822596 1.40210494 1.48524213 1.59101642 1.73314500 1.87811192 1.98224162 2.00494470 1.93954572 1.82638707 1.73079311 1.65953190 1.65953190
1.04265005 1.22708250 1.26372051 1.30543079 1.36368908 1.43705307 1.53077249 1.65246977 1.77924240 1.86153104 1.89268469 1.83574078 1.74321717 1.65933691 1.59704403 1.59704403
1.03756988 1.20635388 1.23959147 1.27776636 1.33039879 1.39523475 1.48029547 1.58686073 1.70148374 1.77417192 1.79574826 1.74766135 1.67478202 1.59516698 1.53641079 1.53641079
1.03371911 1.18779774 1.22008763 1.25477765 1.30099011 1.36091769 1.43622054 1.52912079 1.62750953 1.69168350 1.71525975 1.67477699 1.61053085 1.54013919 1.48936562 1.48936562
1.03079378 1.17159354 1.19986278 1.23245561 1.27421177 1.32857765 1.39521031 1.48310225 1.56662534 1.62337756 1.64680063 1.61371423 1.55758098 1.49756042 1.45447526 1.45447526
1.02694340 1.15676421 1.18305586 1.21254613 1.25210699 1.30001523 1.36157486 1.44014819 1.51540390 1.56836976 1.58577011 1.56227988 1.50609640 1.45791953 1.41494703 1.41494703
1.02421002 1.14436201 1.16816085 1.19699210 1.23137989 1.27532335 1.33184318 1.40140078 1.47131508 1.51671483 1.53655661 1.51461312 1.47090215 1.42306818 1.38481187 1.38481187
1.02191406 1.13233825 1.15527472 1.18010114 1.21406542 1.25550969 1.30369963 1.36644837 1.42980564 1.47516152 1.48749936 1.47215417 1.43235723 1.39083549 1.35722578 1.35722578
1.01974817 1.12255804 1.14248834 1.16744837 1.19673593 1.23377904 1.28127075 1.33782090 1.39707062 1.43512410 1.45274482 1.43683531 1.40243046 1.36373068 1.33411600 1.33411600
1.01769725 1.11148412 1.13286521 1.15520080 1.18164362 1.21747839 1.26062731 1.31177537 1.36614441 1.39984211 1.41873734 1.40482111 1.37102202 1.33917206 1.30885851 1.30885851
1.01607135 1.10329659 1.12274847 1.14330240 1.16870236 1.20094755 1.24069642 1.28956920 1.33792334 1.37218997 1.38520346 1.37402912 1.34785890 1.31590018 1.29306818 1.29306818
1.01460125 1.09595649 1.11366185 1.13306348 1.15715182 1.18689929 1.22319081 1.26846916 1.31270532 1.34610003 1.35824187 1.34891670 1.32292950 1.29770053 1.27403786 1.27403786
1.01318335 1.08868819 1.10563325 1.12360458 1.14607589 1.17510502 1.20714568 1.25004118 1.29157377 1.32108437 1.33565665 1.32557119 1.30229062 1.27849176 1.25597831 1.25597831
1.01196531 1.08215813 1.09806797 1.11581101 1.13690335 1.16262685 1.19388787 1.23218678 1.27185709 1.29836832 1.31158643 1.30431622 1.28457422 1.26220792 1.24242693 1.24242693
1.01083898 1.07658066 1.09148115 1.10712879 1.12683486 1.15159185 1.18102119 1.21665113 1.25436242 1.27938326 1.29098037 1.28563810 1.26933108 1.24691534 1.22739718 1.22739718
1.00996788 1.07109112 1.08505157 1.10039753 1.11948556 1.14227651 1.16967234 1.20368237 1.23779252 1.26062135 1.27555068 1.26792808 1.25377752 1.23291029 1.21580417 1.21580417
1.00900789 1.06579811 1.07987014 1.09385345 1.11208801 1.13318626 1.15867065 1.19143428 1.22252429 1.24533576 1.25719837 1.25197255 1.23851306 1.21981595 1.20493224 1.20493224
1.00830196 1.06179360 1.07469380 1.08837605 1.10433609 1.12529637 1.14815850 1.17882794 1.20872625 1.23098866 1.24096301 1.23888841 1.22681084 1.20816584 1.19363985 1.19363985
1.00763612 1.05742244 1.06966419 1.08289138 1.09882757 1.11762278 1.13999658 1.16771551 1.19701668 1.21687315 1.22852243 1.22373377 1.21456437 1.19807383 1.18404816 1.18404816
1.00696369 1.05344325 1.06538341 1.07820276 1.09270805 1.10990617 1.13178681 1.15913804 1.18563701 1.20505332 1.21501221 1.21303800 1.20153789 1.18707922 1.17528599 1.17528599
1.00639563 1.05000566 1.06174825 1.07347675 1.08689397 1.10392751 1.12429236 1.14924620 1.17431176 1.19189819 1.20374521 1.20010661 1.19193075 1.17930107 1.16726095 1.16726095
1.00592690 1.04689519 1.05834843 1.06911397 1.08255596 1.09803833 1.11736229 1.14113669 1.16469890 1.18175364 1.19310526 1.19282025 1.18231853 1.17067208 1.15993341 1.15993341
1.00548454 1.04421233 1.05428337 1.06515916 1.07739234 1.09288159 1.11098631 1.13371312 1.15622448 1.17336401 1.18294485 1.18056495 1.17335083 1.16275129 1.15157577 1.15157577
1.00503512 1.04146377 1.05102180 1.06154608 1.07309793 1.08766038 1.10481543 1.12583246 1.14746920 1.16377176 1.17375554 1.17291293 1.16506515 1.15551129 1.14589623 1.14589623
1.00466738 1.03879847 1.04837398 1.05781692 1.06939052 1.08330188 1.09905106 1.11995340 1.13957106 1.15535484 1.16584370 1.16357423 1.15773797 1.14741304 1.13940789 1.13940789
1.00432435 1.03620932 1.04543608 1.05476028 1.06573022 1.07941378 1.09416225 1.11309203 1.13323019 1.14777846 1.15715385 1.15711473 1.15077734 1.14198439 1.13392983 1.13392983
1.00400092 1.03391319 1.04315489 1.05206369 1.06216126 1.07531334 1.08901621 1.10748089 1.12711138 1.14066245 1.15019823 1.15121948 1.14400262 1.13633220 1.12773643 1.12773643
1.00372482 1.03204535 1.04048576 1.04952236 1.05912722 1.07088495 1.08557348 1.10237400 1.12085653 1.13416985 1.14354796 1.14403055 1.13750734 1.13012060 1.12288513 1.12288513
1.00346797 1.03022778 1.03816391 1.04629079 1.05649758 1.06780307 1.08026379 1.09793403 1.11443386 1.12877948 1.13676629 1.13710957 1.13258520 1.12485020 1.11870062 1.11870062
