# wavelength_nm,irradiance_W_m2_nm
# source_product=nsb-planck-solar-reference
# source_release=NSB analytic solar reference v1
# source_terms=AGPL-3.0-only
# source_terms_url=https://github.com/VPRamon/NSB/blob/main/LICENSE
# input_sha256=741bded3ad241f2a3cbabc3b4aa19c6735a944713ba8f259fd9a0b6280c30e55
# generator=nsb-data-tools-0.1.0
# model=Planck spectral radiance scaled by pi*(nominal solar radius/1 AU)^2
# effective_temperature_k=5772
# solar_radius_m=695700000
# astronomical_unit_m=149597870700
# planck_constant_j_s=6.62607015e-34
# speed_of_light_m_s=299792458
# boltzmann_constant_j_k=1.380649e-23
# numeric_method=range-reduced fixed-order Taylor expm1 (24 terms)
# serialization=canonical scientific notation with 12 digits after decimal
# units=W m^-2 nm^-1
# reference_distance=1 AU
# runtime_grid_method=analytic Planck spectral irradiance at integer-nanometre nodes
# runtime_sampling_interval_nm=1
300.000,8.204315015917e-1
301.000,8.294831832423e-1
302.000,8.385278296848e-1
303.000,8.475642722625e-1
304.000,8.565913549161e-1
305.000,8.656079343894e-1
306.000,8.746128804235e-1
307.000,8.836050759415e-1
308.000,8.925834172217e-1
309.000,9.015468140608e-1
310.000,9.104941899279e-1
311.000,9.194244821074e-1
312.000,9.283366418329e-1
313.000,9.372296344120e-1
314.000,9.461024393410e-1
315.000,9.549540504108e-1
316.000,9.637834758045e-1
317.000,9.725897381855e-1
318.000,9.813718747773e-1
319.000,9.901289374357e-1
320.000,9.988599927114e-1
321.000,1.007564121907e+0
322.000,1.016240421122e+0
323.000,1.024888001298e+0
324.000,1.033505988246e+0
325.000,1.042093522677e+0
326.000,1.050649760218e+0
327.000,1.059173871424e+0
328.000,1.067665041787e+0
329.000,1.076122471731e+0
330.000,1.084545376604e+0
331.000,1.092932986672e+0
332.000,1.101284547090e+0
333.000,1.109599317887e+0
334.000,1.117876573926e+0
335.000,1.126115604877e+0
336.000,1.134315715171e+0
337.000,1.142476223956e+0
338.000,1.150596465045e+0
339.000,1.158675786862e+0
340.000,1.166713552382e+0
341.000,1.174709139066e+0
342.000,1.182661938792e+0
343.000,1.190571357785e+0
344.000,1.198436816536e+0
345.000,1.206257749729e+0
346.000,1.214033606148e+0
347.000,1.221763848598e+0
348.000,1.229447953810e+0
349.000,1.237085412348e+0
350.000,1.244675728511e+0
351.000,1.252218420237e+0
352.000,1.259713018996e+0
353.000,1.267159069689e+0
354.000,1.274556130535e+0
355.000,1.281903772967e+0
356.000,1.289201581514e+0
357.000,1.296449153690e+0
358.000,1.303646099875e+0
359.000,1.310792043199e+0
360.000,1.317886619419e+0
361.000,1.324929476797e+0
362.000,1.331920275979e+0
363.000,1.338858689864e+0
364.000,1.345744403485e+0
365.000,1.352577113872e+0
366.000,1.359356529930e+0
367.000,1.366082372305e+0
368.000,1.372754373253e+0
369.000,1.379372276507e+0
370.000,1.385935837145e+0
371.000,1.392444821453e+0
372.000,1.398899006795e+0
373.000,1.405298181471e+0
374.000,1.411642144586e+0
375.000,1.417930705913e+0
376.000,1.424163685750e+0
377.000,1.430340914793e+0
378.000,1.436462233988e+0
379.000,1.442527494400e+0
380.000,1.448536557072e+0
381.000,1.454489292887e+0
382.000,1.460385582431e+0
383.000,1.466225315855e+0
384.000,1.472008392735e+0
385.000,1.477734721936e+0
386.000,1.483404221473e+0
387.000,1.489016818377e+0
388.000,1.494572448552e+0
389.000,1.500071056644e+0
390.000,1.505512595899e+0
391.000,1.510897028032e+0
392.000,1.516224323091e+0
393.000,1.521494459318e+0
394.000,1.526707423017e+0
395.000,1.531863208421e+0
396.000,1.536961817560e+0
397.000,1.542003260123e+0
398.000,1.546987553332e+0
399.000,1.551914721807e+0
400.000,1.556784797437e+0
401.000,1.561597819252e+0
402.000,1.566353833291e+0
403.000,1.571052892477e+0
404.000,1.575695056486e+0
405.000,1.580280391627e+0
406.000,1.584808970711e+0
407.000,1.589280872928e+0
408.000,1.593696183725e+0
409.000,1.598054994684e+0
410.000,1.602357403399e+0
411.000,1.606603513353e+0
412.000,1.610793433807e+0
413.000,1.614927279672e+0
414.000,1.619005171396e+0
415.000,1.623027234851e+0
416.000,1.626993601211e+0
417.000,1.630904406843e+0
418.000,1.634759793192e+0
419.000,1.638559906671e+0
420.000,1.642304898546e+0
421.000,1.645994924833e+0
422.000,1.649630146184e+0
423.000,1.653210727781e+0
424.000,1.656736839230e+0
425.000,1.660208654460e+0
426.000,1.663626351612e+0
427.000,1.666990112942e+0
428.000,1.670300124716e+0
429.000,1.673556577112e+0
430.000,1.676759664120e+0
431.000,1.679909583446e+0
432.000,1.683006536411e+0
433.000,1.686050727857e+0
434.000,1.689042366058e+0
435.000,1.691981662617e+0
436.000,1.694868832382e+0
437.000,1.697704093353e+0
438.000,1.700487666590e+0
439.000,1.703219776126e+0
440.000,1.705900648883e+0
441.000,1.708530514578e+0
442.000,1.711109605647e+0
443.000,1.713638157156e+0
444.000,1.716116406717e+0
445.000,1.718544594412e+0
446.000,1.720922962707e+0
447.000,1.723251756377e+0
448.000,1.725531222427e+0
449.000,1.727761610012e+0
450.000,1.729943170366e+0
451.000,1.732076156723e+0
452.000,1.734160824247e+0
453.000,1.736197429957e+0
454.000,1.738186232658e+0
455.000,1.740127492870e+0
456.000,1.742021472755e+0
457.000,1.743868436056e+0
458.000,1.745668648026e+0
459.000,1.747422375360e+0
460.000,1.749129886137e+0
461.000,1.750791449748e+0
462.000,1.752407336840e+0
463.000,1.753977819250e+0
464.000,1.755503169947e+0
465.000,1.756983662970e+0
466.000,1.758419573373e+0
467.000,1.759811177163e+0
468.000,1.761158751246e+0
469.000,1.762462573371e+0
470.000,1.763722922075e+0
471.000,1.764940076631e+0
472.000,1.766114316990e+0
473.000,1.767245923737e+0
474.000,1.768335178034e+0
475.000,1.769382361571e+0
476.000,1.770387756522e+0
477.000,1.771351645489e+0
478.000,1.772274311460e+0
479.000,1.773156037764e+0
480.000,1.773997108019e+0
481.000,1.774797806094e+0
482.000,1.775558416064e+0
483.000,1.776279222163e+0
484.000,1.776960508747e+0
485.000,1.777602560250e+0
486.000,1.778205661145e+0
487.000,1.778770095905e+0
488.000,1.779296148961e+0
489.000,1.779784104667e+0
490.000,1.780234247265e+0
491.000,1.780646860841e+0
492.000,1.781022229298e+0
493.000,1.781360636316e+0
494.000,1.781662365320e+0
495.000,1.781927699444e+0
496.000,1.782156921502e+0
497.000,1.782350313955e+0
498.000,1.782508158876e+0
499.000,1.782630737926e+0
500.000,1.782718332319e+0
501.000,1.782771222795e+0
502.000,1.782789689592e+0
503.000,1.782774012415e+0
504.000,1.782724470414e+0
505.000,1.782641342152e+0
506.000,1.782524905584e+0
507.000,1.782375438029e+0
508.000,1.782193216145e+0
509.000,1.781978515907e+0
510.000,1.781731612580e+0
511.000,1.781452780703e+0
512.000,1.781142294058e+0
513.000,1.780800425655e+0
514.000,1.780427447707e+0
515.000,1.780023631612e+0
516.000,1.779589247931e+0
517.000,1.779124566372e+0
518.000,1.778629855764e+0
519.000,1.778105384047e+0
520.000,1.777551418247e+0
521.000,1.776968224465e+0
522.000,1.776356067855e+0
523.000,1.775715212608e+0
524.000,1.775045921939e+0
525.000,1.774348458071e+0
526.000,1.773623082216e+0
527.000,1.772870054567e+0
528.000,1.772089634278e+0
529.000,1.771282079452e+0
530.000,1.770447647130e+0
531.000,1.769586593278e+0
532.000,1.768699172771e+0
533.000,1.767785639383e+0
534.000,1.766846245779e+0
535.000,1.765881243498e+0
536.000,1.764890882947e+0
537.000,1.763875413386e+0
538.000,1.762835082925e+0
539.000,1.761770138505e+0
540.000,1.760680825900e+0
541.000,1.759567389696e+0
542.000,1.758430073293e+0
543.000,1.757269118890e+0
544.000,1.756084767482e+0
545.000,1.754877258848e+0
546.000,1.753646831546e+0
547.000,1.752393722909e+0
548.000,1.751118169032e+0
549.000,1.749820404772e+0
550.000,1.748500663740e+0
551.000,1.747159178292e+0
552.000,1.745796179531e+0
553.000,1.744411897294e+0
554.000,1.743006560153e+0
555.000,1.741580395409e+0
556.000,1.740133629086e+0
557.000,1.738666485930e+0
558.000,1.737179189403e+0
559.000,1.735671961680e+0
560.000,1.734145023648e+0
561.000,1.732598594902e+0
562.000,1.731032893738e+0
563.000,1.729448137160e+0
564.000,1.727844540867e+0
565.000,1.726222319261e+0
566.000,1.724581685437e+0
567.000,1.722922851188e+0
568.000,1.721246026999e+0
569.000,1.719551422049e+0
570.000,1.717839244207e+0
571.000,1.716109700036e+0
572.000,1.714362994788e+0
573.000,1.712599332405e+0
574.000,1.710818915522e+0
575.000,1.709021945462e+0
576.000,1.707208622238e+0
577.000,1.705379144558e+0
578.000,1.703533709817e+0
579.000,1.701672514107e+0
580.000,1.699795752210e+0
581.000,1.697903617604e+0
582.000,1.695996302464e+0
583.000,1.694073997659e+0
584.000,1.692136892761e+0
585.000,1.690185176038e+0
586.000,1.688219034465e+0
587.000,1.686238653717e+0
588.000,1.684244218179e+0
589.000,1.682235910941e+0
590.000,1.680213913808e+0
591.000,1.678178407295e+0
592.000,1.676129570636e+0
593.000,1.674067581782e+0
594.000,1.671992617407e+0
595.000,1.669904852908e+0
596.000,1.667804462413e+0
597.000,1.665691618777e+0
598.000,1.663566493592e+0
599.000,1.661429257187e+0
600.000,1.659280078633e+0
601.000,1.657119125743e+0
602.000,1.654946565082e+0
603.000,1.652762561965e+0
604.000,1.650567280463e+0
605.000,1.648360883408e+0
606.000,1.646143532396e+0
607.000,1.643915387791e+0
608.000,1.641676608728e+0
609.000,1.639427353121e+0
610.000,1.637167777663e+0
611.000,1.634898037833e+0
612.000,1.632618287900e+0
613.000,1.630328680927e+0
614.000,1.628029368776e+0
615.000,1.625720502113e+0
616.000,1.623402230411e+0
617.000,1.621074701960e+0
618.000,1.618738063862e+0
619.000,1.616392462047e+0
620.000,1.614038041271e+0
621.000,1.611674945122e+0
622.000,1.609303316027e+0
623.000,1.606923295257e+0
624.000,1.604535022927e+0
625.000,1.602138638011e+0
626.000,1.599734278337e+0
627.000,1.597322080600e+0
628.000,1.594902180361e+0
629.000,1.592474712058e+0
630.000,1.590039809008e+0
631.000,1.587597603414e+0
632.000,1.585148226368e+0
633.000,1.582691807859e+0
634.000,1.580228476779e+0
635.000,1.577758360925e+0
636.000,1.575281587008e+0
637.000,1.572798280659e+0
638.000,1.570308566428e+0
639.000,1.567812567801e+0
640.000,1.565310407194e+0
641.000,1.562802205967e+0
642.000,1.560288084426e+0
643.000,1.557768161827e+0
644.000,1.555242556388e+0
645.000,1.552711385288e+0
646.000,1.550174764676e+0
647.000,1.547632809676e+0
648.000,1.545085634396e+0
649.000,1.542533351926e+0
650.000,1.539976074351e+0
